9.938001398953789476e+02
2.274755930592577897e+02
3.230935529514189852e+01
3.109505301272503175e+01
2.211995980059700884e+01
1.098301557294959530e+01
9.242440170046064551e+00
8.129092165916116386e+00
4.380544278427951355e+00
3.965663152929340463e+00
2.467259109186626702e-13
3.854372032957001699e-14
1.663601118815382498e-14
1.048099446975236150e-14
8.651917076822452609e-15
2.543174123911935901e-15
3.755152297249683855e-16
7.184041459360553757e-28
8.246100735918223650e-31
9.728543168496256892e-32
1.236919547902154325e-33
